 17
 100000 3 5 48 48 8 8 5 5 3 3 0 3 5 8 8 5
 3 100000 3 48 48 8 8 5 5 0 0 3 0 3 8 8 5
 5 3 100000 74 74 5 5 26 26 3 3 5 3 0 5 5 26
 48 48 72 100000 0 6 6 12 12 48 48 48 48 72 6 6 12
 48 48 72 0 100000 6 6 12 12 48 48 48 48 72 6 6 12
 8 8 48 6 6 100000 0 8 8 8 8 8 8 48 0 0 8
 8 8 48 6 6 0 100000 8 8 8 8 8 8 48 0 0 8
 5 5 24 12 12 8 8 100000 0 5 5 5 5 24 8 8 0
 5 5 24 12 12 8 8 0 100000 5 5 5 5 24 8 8 0
 3 0 3 48 48 8 8 5 5 100000 0 3 0 3 8 8 5
 3 0 3 48 48 8 8 5 5 0 100000 3 0 3 8 8 5
 0 3 5 48 48 8 8 5 5 3 3 100000 3 5 8 8 5
 3 0 3 48 48 8 8 5 5 0 0 3 100000 3 8 8 5
 5 3 0 74 74 5 5 26 26 3 3 5 3 100000 5 5 26
 8 8 48 6 6 0 0 8 8 8 8 8 8 48 100000 0 8
 8 8 48 6 6 0 0 8 8 8 8 8 8 48 0 100000 8
 5 5 24 12 12 8 8 0 0 5 5 5 5 24 8 8 100000
